3.611530039796076586e-06
1.000000000000000000e+00
7.908611599297011852e-01
7.785467128027682149e-01
6.971340046475600349e-01
5.736137667304015419e-01
3.930131004366811953e-01
2.023836294130874625e-01
1.016604540833615788e-01
1.026108767529358146e-01
6.076975016880485914e-01
7.853403141361257056e-01
7.901668129938542728e-01
8.256880733944954587e-01
8.144796380090497667e-01
8.372093023255814392e-01
8.395522388059701857e-01
8.403361344537815247e-01
8.387698042870456172e-01
8.687258687258687662e-01
8.737864077669902363e-01
8.670520231213872941e-01
8.902077151335311411e-01
9.000000000000000222e-01
9.063444108761329332e-01
9.287925696594426794e-01
9.100101112234579848e-01
9.345794392523364413e-01
9.297520661157024913e-01
9.384775808133472008e-01
9.443861490031479899e-01
9.424083769633507801e-01
9.443861490031479899e-01
9.554140127388535131e-01
