1.000000000000000000e+00
1.000000000000000000e+00
1.000000000000000000e+00
7.500000000000000000e-01
5.999999999999999778e-01
6.666666666666667407e-01
5.714285714285713969e-01
6.250000000000000000e-01
6.666666666666667407e-01
6.999999999999999556e-01
7.272727272727272929e-01
6.666666666666667407e-01
6.923076923076922906e-01
7.142857142857143016e-01
6.666666666666667407e-01
6.875000000000000000e-01
7.058823529411764053e-01
6.666666666666667407e-01
6.315789473684210176e-01
5.999999999999999778e-01
6.190476190476190688e-01
6.363636363636363535e-01
6.086956521739130821e-01
6.250000000000000000e-01
6.400000000000000133e-01
6.153846153846154188e-01
5.925925925925925597e-01
6.071428571428572063e-01
6.206896551724138122e-01
5.999999999999999778e-01
6.129032258064516236e-01
5.937500000000000000e-01
6.060606060606060774e-01
6.176470588235294379e-01
6.285714285714285587e-01
6.111111111111111605e-01
6.216216216216216006e-01
6.052631578947368363e-01
6.153846153846154188e-01
6.250000000000000000e-01
6.097560975609755962e-01
6.190476190476190688e-01
6.046511627906976383e-01
6.136363636363636465e-01
5.999999999999999778e-01
6.086956521739130821e-01
6.170212765957446832e-01
6.041666666666667407e-01
6.122448979591836871e-01
6.199999999999999956e-01
6.078431372549020217e-01
6.153846153846154188e-01
6.226415094339622369e-01
6.296296296296296502e-01
6.181818181818181657e-01
6.250000000000000000e-01
6.140350877192982670e-01
6.034482758620689502e-01
5.932203389830508211e-01
5.999999999999999778e-01
5.901639344262294973e-01
5.967741935483871218e-01
6.031746031746032521e-01
6.093750000000000000e-01
5.999999999999999778e-01
5.909090909090908283e-01
5.970149253731342753e-01
5.882352941176470784e-01
5.942028985507246119e-01
5.857142857142856318e-01
5.915492957746478764e-01
5.833333333333332593e-01
5.890410958904109817e-01
5.810810810810811411e-01
5.866666666666666696e-01
5.921052631578946901e-01
5.974025974025973795e-01
6.025641025641026438e-01
5.949367088607595555e-01
5.999999999999999778e-01
5.925925925925925597e-01
5.975609756097560732e-01
6.024096385542168086e-01
6.071428571428572063e-01
5.999999999999999778e-01
6.046511627906976383e-01
6.091954022988506079e-01
6.136363636363636465e-01
6.067415730337077928e-01
6.111111111111111605e-01
6.153846153846154188e-01
6.086956521739130821e-01
6.021505376344086224e-01
6.063829787234042978e-01
5.999999999999999778e-01
6.041666666666667407e-01
6.082474226804124307e-01
6.020408163265306145e-01
6.060606060606060774e-01
5.999999999999999778e-01
6.039603960396039417e-01
5.980392156862744946e-01
6.019417475728154887e-01
5.961538461538461453e-01
5.904761904761904878e-01
5.943396226415094130e-01
5.981308411214953935e-01
5.925925925925925597e-01
5.871559633027523262e-01
5.909090909090908283e-01
5.945945945945945166e-01
5.982142857142856984e-01
6.017699115044248259e-01
5.964912280701755165e-01
5.999999999999999778e-01
6.034482758620689502e-01
6.068376068376069021e-01
6.101694915254236573e-01
6.050420168067227600e-01
5.999999999999999778e-01
5.950413223140496033e-01
5.983606557377049162e-01
5.934959349593496025e-01
5.887096774193547599e-01
5.840000000000000746e-01
5.873015873015873245e-01
5.826771653543307838e-01
5.781250000000000000e-01
5.736434108527131981e-01
5.692307692307692069e-01
5.648854961832061594e-01
5.606060606060605522e-01
5.639097744360902498e-01
5.597014925373133831e-01
5.555555555555555802e-01
5.588235294117647189e-01
5.547445255474452441e-01
5.507246376811594235e-01
5.467625899280574853e-01
5.428571428571429269e-01
5.460992907801418550e-01
5.492957746478872583e-01
5.454545454545454142e-01
5.486111111111111605e-01
5.517241379310344751e-01
5.547945205479452024e-01
5.578231292517006334e-01
5.608108108108107448e-01
5.637583892617450410e-01
5.666666666666666519e-01
5.695364238410596247e-01
5.657894736842105088e-01
5.620915032679738577e-01
5.584415584415585165e-01
5.548387096774193283e-01
5.512820512820513219e-01
5.477707006369426646e-01
5.506329113924051111e-01
5.534591194968553340e-01
5.500000000000000444e-01
5.465838509316769400e-01
5.493827160493827133e-01
5.460122699386502632e-01
5.487804878048780921e-01
5.454545454545454142e-01
5.421686746987952610e-01
5.389221556886227837e-01
5.357142857142856984e-01
5.384615384615384359e-01
5.411764705882353699e-01
5.438596491228070429e-01
5.465116279069768268e-01
5.491329479768786159e-01
5.517241379310344751e-01
5.542857142857142705e-01
5.511363636363636465e-01
5.480225988700564432e-01
5.505617977528090012e-01
5.474860335195530503e-01
5.500000000000000444e-01
5.469613259668508753e-01
5.439560439560440219e-01
5.409836065573769837e-01
5.434782608695651884e-01
5.459459459459459207e-01
5.483870967741935054e-01
5.454545454545454142e-01
5.478723404255319007e-01
5.449735449735449988e-01
5.473684210526315042e-01
5.445026178010471396e-01
5.468750000000000000e-01
5.440414507772020070e-01
5.412371134020619312e-01
5.435897435897436569e-01
5.459183673469387710e-01
5.482233502538070846e-01
5.454545454545454142e-01
5.427135678391959983e-01
5.400000000000000355e-01
5.422885572139303223e-01
5.445544554455445940e-01
5.467980295566502447e-01
5.490196078431373028e-01
5.512195121951219967e-01
5.485436893203883280e-01
5.458937198067632668e-01
5.432692307692308376e-01
5.406698564593301892e-01
5.428571428571429269e-01
5.402843601895734871e-01
5.424528301886792914e-01
5.399061032863849974e-01
5.373831775700934621e-01
5.348837209302326201e-01
5.370370370370369795e-01
5.345622119815668372e-01
5.321100917431191846e-01
5.342465753424657793e-01
5.318181818181817455e-01
5.294117647058823595e-01
5.315315315315315425e-01
5.291479820627802422e-01
5.312500000000000000e-01
5.333333333333333259e-01
5.353982300884956302e-01
5.374449339207048038e-01
5.394736842105263275e-01
5.414847161572051704e-01
5.391304347826086918e-01
5.367965367965368273e-01
5.387931034482758008e-01
5.364806866952789299e-01
5.341880341880341776e-01
5.361702127659574435e-01
5.338983050847457834e-01
5.358649789029535926e-01
5.336134453781512521e-01
5.355648535564854207e-01
5.333333333333333259e-01
5.311203319502074693e-01
5.289256198347107585e-01
5.308641975308642236e-01
5.286885245901639108e-01
5.306122448979591066e-01
5.325203252032519874e-01
5.303643724696356365e-01
5.322580645161290036e-01
5.301204819277107738e-01
5.280000000000000249e-01
5.298804780876493759e-01
5.277777777777777901e-01
5.256916996047431567e-01
5.275590551181101873e-01
5.294117647058823595e-01
5.273437500000000000e-01
5.291828793774319140e-01
5.310077519379845512e-01
5.289575289575290107e-01
5.307692307692307709e-01
5.287356321839080664e-01
5.267175572519083859e-01
5.285171102661596620e-01
5.303030303030302761e-01
5.320754716981132004e-01
5.338345864661654394e-01
5.355805243445692643e-01
5.335820895522387364e-01
5.353159851301114713e-01
5.333333333333333259e-01
5.350553505535056154e-01
5.367647058823529216e-01
5.347985347985347859e-01
5.328467153284671687e-01
