3.764847175960522208e+00
3.769727012794647614e+00
3.774606481316106876e+00
3.779485585302376105e+00
3.784364328464882465e+00
3.789242722258927554e+00
3.794120777932213251e+00
3.798998504334810455e+00
3.803875893335622038e+00
3.808752947058298144e+00
3.813629670527062920e+00
3.818506068389098118e+00
3.823382153584010013e+00
3.828257924946253610e+00
3.833133409687297544e+00
3.838008611000198744e+00
3.842883534312518279e+00
3.847758191847733489e+00
3.852632581379125565e+00
3.857506715082702708e+00
3.862380602693199272e+00
3.867254242158944422e+00
3.872127664008444548e+00
3.877000892560290790e+00
3.881873931989960891e+00
3.886746793784735754e+00
3.891619483932039714e+00
3.896492005747850929e+00
3.901364364312645883e+00
3.906236574779377246e+00
3.911108650037095291e+00
3.915980596595950214e+00
3.920852426249540557e+00
3.925724131584841903e+00
3.930595713865526530e+00
3.935467188506133418e+00
3.940338564011745426e+00
3.945209841594449429e+00
3.950081030905973734e+00
3.954952123431408673e+00
3.959823110709031813e+00
3.964693997615817977e+00
3.969564781319136149e+00
3.974435458616395245e+00
3.979306036825438930e+00
3.984176522449296431e+00
3.989046921099942189e+00
3.993917243330329381e+00
3.998787504882419075e+00
4.003657704051194699e+00
4.008527856969515746e+00
4.013397954127570166e+00
4.018268009114636996e+00
4.023138024470992669e+00
4.028008018554842806e+00
4.032877988835757321e+00
4.037747942120008204e+00
4.042617882010653751e+00
4.047487814591980815e+00
4.052357740187193080e+00
4.057227661651211292e+00
4.062097588964587835e+00
4.066967519447978852e+00
4.071837443763517861e+00
4.076707350513716577e+00
4.081577240343183810e+00
4.086447100211032968e+00
4.091316930137230301e+00
4.096186716644552916e+00
4.101056463883994141e+00
4.105926176657842319e+00
4.110795855803432097e+00
4.115665500535785171e+00
4.120535111021710328e+00
4.125404692267811591e+00
4.130274263129987133e+00
4.135143818990853148e+00
4.140013356148382506e+00
4.144882857181456437e+00
4.149752312803049570e+00
4.154621732294311087e+00
4.159491114394859856e+00
4.164360452381156819e+00
4.169229734964071454e+00
4.174098967264974647e+00
4.178968148513257042e+00
4.183837245026224672e+00
4.188706253297856286e+00
4.193575176227899881e+00
4.198443998741438143e+00
4.203312717309938940e+00
4.208181307094361223e+00
4.213049762718495295e+00
4.217918070986202750e+00
4.222786227674770743e+00
4.227654236184062775e+00
4.232522085572471227e+00
4.237389792588374782e+00
4.242257360931323440e+00
4.247124782838868740e+00
4.251992064881345179e+00
4.256859220197502403e+00
4.261726278592567141e+00
4.266593244218853442e+00
4.271460110714116354e+00
4.276326874723296534e+00
4.281193516738551530e+00
4.286060029607765109e+00
4.290926417387159297e+00
4.295792671146167585e+00
4.300658792032720612e+00
4.305524767695890986e+00
4.310390591156785689e+00
4.315256271281012523e+00
4.320121797736616642e+00
4.324987188309707520e+00
4.329852443922131755e+00
4.334717556452627463e+00
4.339582522819442900e+00
4.344447338689562343e+00
4.349311986331078295e+00
4.354176469214030121e+00
4.359040777739526362e+00
4.363904915990834965e+00
4.368768871166517798e+00
4.373632648850639626e+00
4.378496260832249298e+00
4.383359706493999752e+00
4.388222973218520728e+00
4.393086059374018859e+00
4.397948952273284640e+00
4.402811640696149276e+00
4.407674116910045292e+00
4.412536369133481351e+00
4.417398404367843590e+00
4.422260212848320826e+00
4.427121792613834650e+00
4.431983135536396112e+00
4.436844222360612378e+00
4.441705062562534501e+00
4.446565648001315374e+00
4.451425974345171177e+00
4.456286032623943960e+00
4.461145816727683844e+00
4.466005311964059921e+00
4.470864500605639336e+00
4.475723362152050910e+00
4.480581889652988536e+00
4.485440071073931279e+00
4.490297912930545365e+00
4.495155411928310585e+00
4.500012561437314318e+00
4.504869349925940902e+00
4.509725784324200681e+00
4.514581846291526368e+00
4.519437552145904924e+00
4.524292888680971458e+00
4.529147835065032268e+00
4.534002394643007250e+00
4.538856538783099914e+00
4.543710252449288944e+00
4.548563534204212111e+00
4.553416386877897182e+00
4.558268788400996918e+00
4.563120728150200200e+00
4.567972196583866662e+00
4.572823183635887467e+00
4.577673684950282151e+00
4.582523693118113250e+00
4.587373209351308212e+00
4.592222233351737515e+00
4.597070755910837470e+00
4.601918768912962143e+00
4.606766264326049409e+00
4.611613237736556847e+00
4.616459700376223552e+00
4.621305647791512428e+00
4.626151046466983274e+00
4.630995896545702095e+00
4.635840185775144562e+00
4.640683901848156268e+00
4.645527031090707304e+00
4.650369567376915647e+00
4.655211510079547921e+00
4.660052871185397017e+00
4.664893651200652691e+00
4.669733834188575905e+00
4.674573426746489346e+00
4.679412425244114715e+00
4.684250822671121917e+00
4.689088614516230713e+00
4.693925780089338140e+00
4.698762312933287610e+00
4.703598208943701842e+00
4.708433459007363986e+00
4.713268062511449585e+00
4.718102011573483523e+00
4.722935279795608565e+00
4.727767857120298345e+00
4.732599735745443681e+00
